0	0.733363878931623
15	0.825833377922842
30	0.789686077612501
45	0.831112607629035
60	0.820842832977863
75	0.812667860340197
90	0.829858681964461
105	0.940632911392405
120	0.860114561350618
135	0.801801242236025
150	0.892940392940393
165	0.808852755194219
180	0.838402885955563
195	0.90043431053203
210	0.815233092580433
225	0.801997245179063
240	0.885099002746062
255	0.808984412818279
270	0.807491652754591
285	0.815600486134129
300	0.878766643307638
315	0.892833805271183
330	0.894859394590722
345	0.860321221695629
360	0.829575493702379
375	0.836363636363636
390	0.812644402436463
405	0.921293646250716
420	0.839936902663079
435	0.846816452515972
450	0.869773407439076
480	0.921181630546956
495	0.778710222472543
510	0.949047141424273
525	0.878030417105857
540	0.888934175667414
555	0.836705202312139
570	0.894113667117727
585	0.871252204585538
600	0.953737335117568
615	0.845205566499333
630	0.758642937792354
645	0.827335858585859
660	0.914262635587353
675	0.88296208001192
690	0.844621314511688
705	0.980046208779668
720	0.879601990049751
735	0.804057480980558
750	0.899073327961322
765	0.875075941676792
780	0.843066024884207
795	0.920896785109983
810	0.853005212113215
825	0.79533264326715
840	0.82678955453149
855	0.866064147866268
870	0.840701219512195
885	0.820555371169377
900	0.862746752151173
915	0.854939341421144
930	0.835303654664595
945	0.860761923040015
960	0.84555475676971
975	0.845531109225044
990	0.800065984823491
1005	0.855210168638309
1020	0.803973830869881
1035	0.80600829121472
1050	0.808848945731075
1065	0.830012758857592
1080	0.881409177605744
1095	0.878251683612835
1110	0.730324987445297
1125	0.856189664963089
1140	0.855112474437628
1170	0.854885145482389
1185	0.819035870184096
1200	0.908398539384455
1215	0.904788679598913
1230	0.811311342520421
1245	0.838689835460557
1260	0.870880968392737
1275	0.786265584801108
1290	0.817628951122457
1305	0.773035985808414
1320	0.91896722939424
1335	0.905373831775701
1350	0.890648464163822
1365	0.887480190174326
1380	0.830334515965535
1395	0.822306687255018
1410	0.871125286554371
1425	0.828253634612016
1440	0.732595755693582
1455	0.76730654693728
1470	0.756278098179011
1485	0.789016795621815
1500	0.820667497213297
1515	0.777725070308
1530	0.78144947011575
1545	0.82397814545642
1560	0.82521847690387
1575	0.841350710900474
1590	0.768081461743434
1605	0.816249571477545
1620	0.840387529768348
1635	0.827238728443798
1650	0.78263926446728
1665	0.811582794489739
1680	0.825769398838879
1695	0.823327774689642
1710	0.776498011792129
1725	0.843049054768707
1740	0.897039897039897
1755	0.841652995859698
1770	0.773562458691342
1785	0.876282782212087
1800	0.748521346381331
1815	0.819724398811132
1830	0.829259967231021
1845	0.739743893763339
1860	0.836514261744966
1875	0.888716308816811
1890	0.792290024210069
1905	0.903182429403855
1950	0.777219915676998
1965	0.723734630635434
1995	0.785913727277908
2010	0.798005446382572
2025	0.801891970425855
2070	0.79051372581219
2085	0.817714035471863
2100	0.740288934180554
2115	0.832413814125034
2130	0.722110222665187
2145	0.729094494483825
2175	0.790848527349229
2190	0.823344159039465
2220	0.826568146618482
2235	0.808823529411765
2250	0.734757600657354
2265	0.712635476530258
2280	0.822428948514902
2295	0.733330074305827
2310	0.783957658438655
2325	0.840579710144927
2340	0.792171481826654
2370	0.76301155617343
2385	0.814097067398388
2400	0.778129489942529
2415	0.720576131687243
2430	0.795916877998942
2445	0.843825665859564
2460	0.832616230429067
2475	0.758058760556679
2490	0.843684157720478
2505	0.785674944323379
2520	0.821114369501466
2535	0.787574877473226
2550	0.798655160210165
2565	0.769724224588321
2580	0.843288358636934
2595	0.797642817526345
2610	0.783257026580186
2625	0.738278156185649
2640	0.764338945625173
2655	0.828145265888456
2670	0.828895232414469
2685	0.780308012715116
2700	0.815804187115612
2715	0.804315128883357
2730	0.811250732469562
2745	0.771247021445592
2760	0.769662133744567
2775	0.741225529943241
2790	0.79585798816568
2805	0.742470141718026
2820	0.718789733929833
2835	0.782741995302262
2850	0.804863582443654
2880	0.731439193779724
2895	0.728193797837923
2910	0.736228496073848
2925	0.715236299687891
2940	0.696989307822172
2955	0.787912677820524
2970	0.766799019288767
2985	0.736291908305747
3000	0.76475971466116
3015	0.775691981046581
3030	0.783991683991684
3045	0.774640189469849
3060	0.705101733557018
3075	0.754911924119241
3090	0.790351086696919
3105	0.766259640102828
3120	0.773700042973786
3135	0.781279476224824
3150	0.741424099114101
3165	0.870673728291662
3180	0.777842107439725
3195	0.716598406914122
3210	0.82043412507784
3225	0.778560538352347
3240	0.736796321610538
3255	0.855395343340031
3270	0.766691616766467
3285	0.83809691629956
3300	0.746966877558616
3315	0.878195374315277
3330	0.802882815424934
3345	0.805092897281426
3375	0.840071237756011
3390	0.767805591083501
3405	0.73250045930553
3420	0.858946141895391
3435	0.856936922897105
3450	0.777465918203689
3465	0.798812318740505
3495	0.813869574378424
3510	0.796866305462
3525	0.832650358044621
3540	0.803108193609617
3555	0.778099512571787
3585	0.803641279337322
3600	0.797794476432127
3615	0.815695600475624
3630	0.760746131392699
3645	0.79991907748331
3660	0.721563325754317
3690	0.791825519491671
3705	0.787659085150753
3720	0.828078389128273
3735	0.824784425282247
3750	0.778679631097943
3765	0.75358361774744
3780	0.760659172542238
3795	0.763890996596354
3810	0.762507661043192
3825	0.758069354981029
3840	0.760629559626221
3855	0.714308762369138
3870	0.760239847560443
3885	0.794676462072959
3900	0.757660983183922
3915	0.769568857262453
3930	0.738207405328469
3945	0.760266845058907
3960	0.772661100406765
3975	0.750028674328447
3990	0.764661359428008
4005	0.743298629104442
4020	0.739886399495109
4035	0.721981025888407
4050	0.741250922898428
4065	0.80191687079591
4080	0.749616931622295
4095	0.829680485872722
4110	0.76788689724817
4125	0.80918900742824
4140	0.794844440033742
4155	0.796340516984061
4170	0.733035603523136
4185	0.760436142515158
4215	0.778599360113758
4230	0.801428641084402
4245	0.806460724648846
4260	0.751306332002282
4275	0.781971563981043
4290	0.76680683742013
4305	0.801894499338676
4320	0.667818283998047
4335	0.734194603939001
4350	0.766812507649003
4365	0.709641854295509
4380	0.737401770325144
4395	0.729513631576895
4410	0.770524218032353
4425	0.742304374614911
4440	0.761503886364201
4455	0.752907662082515
4470	0.769259314234823
4485	0.768004299534217
4500	0.776234824546815
4515	0.831717747683535
4530	0.784416980118216
4545	0.776476196962474
4560	0.766871774513696
4575	0.830638163603376
4590	0.892765632666412
4605	0.759732697426797
4620	0.781922895087463
4635	0.816050174613356
4650	0.809488325881768
4665	0.875846914484527
4680	0.826423416198877
4695	0.800925325377265
4710	0.77354217052478
4725	0.787609746473316
4740	0.775527606054146
4755	0.829993148338472
4770	0.824510230735742
4800	0.791783883772014
4815	0.783231402201712
4830	0.785756935513504
4860	0.691570031965282
4875	0.755717740908898
4890	0.79818628187785
4905	0.842910203189862
4920	0.842119506386664
4935	0.802566439250265
4950	0.740098749868684
4965	0.752506411750991
4980	0.853528406485766
4995	0.792202206254428
5010	0.7835527518742
5040	0.840350640593392
5055	0.733720774114353
5070	0.782456840634667
5085	0.791660604044981
5130	0.70947440742013
5145	0.792322518470928
5175	0.773387789444162
5190	0.746540819930014
5205	0.7759918261563
5220	0.710249079967779
5235	0.792018632460806
5265	0.759662654076263
5280	0.732887082636067
5295	0.732979784863934
5310	0.754463697456845
5325	0.763023862671739
5340	0.768144089626692
5355	0.773299846192785
5370	0.768381731516852
5385	0.771062006230857
5400	0.730496453900709
5415	0.827979418717842
5430	0.769470462765464
5445	0.776223651939004
5460	0.747455077970395
5475	0.727271119286826
5490	0.750643776824034
5505	0.775892716068889
5520	0.813560973233639
5535	0.781876379690949
5550	0.779614388225315
5565	0.775712231415293
5580	0.78282463427849
5595	0.775337929536942
5610	0.773144064493631
5625	0.768769599704851
5640	0.790177310528793
5655	0.820348748279203
5670	0.804671517725354
5700	0.740415919208026
5715	0.761453457140665
5730	0.789906587407497
5745	0.803043893405862
5760	0.715321287708151
5775	0.675628825131779
5790	0.736575005865139
5805	0.688070384730092
5820	0.772720325677685
5835	0.75322103247149
5865	0.746224941421505
5880	0.78067789517732
5895	0.748417080606306
5910	0.816361477693045
5940	0.772455089820359
5955	0.748044444444445
5970	0.747263992722931
5985	0.798176311804595
6000	0.810480062420434
6015	0.806872609212768
6030	0.82900845630907
6045	0.802195373508177
6060	0.818134688164239
6075	0.783549622578366
6090	0.807701149425287
6105	0.782544093773216
6120	0.820739510574904
6135	0.803668923345709
6150	0.746694143912073
6165	0.77332552370452
6195	0.854396679978075
6225	0.782689623080502
6240	0.797974393273457
6255	0.807699172963646
6270	0.776134122287968
6285	0.808555019001629
6315	0.74244880652483
6330	0.784808027199602
6345	0.790311308767471
6360	0.848688737671076
6375	0.773658950494524
6390	0.775890948997863
6420	0.798979079863005
6435	0.762971476334761
6450	0.774444913861897
6465	0.858893501516845
6480	0.800034750124883
6495	0.873013387614499
6510	0.808886095532779
6525	0.790669290357935
6555	0.771728478407631
6570	0.804361016306409
6600	0.821203501094092
6615	0.828089586430434
6630	0.763446454298063
6645	0.793995635334133
6660	0.799365526965104
6675	0.765554200069711
6690	0.752160579871759
6705	0.795475144073738
6720	0.772281367118092
6735	0.741940356480083
6750	0.768475977189296
6765	0.732784908871711
6780	0.782102973168963
6795	0.735107901587035
6810	0.783181908855158
6825	0.751732169999408
6840	0.789204711379344
6855	0.782606640671157
6870	0.714067506765619
6900	0.744146476251418
6915	0.786780246196538
6930	0.719823208576265
6945	0.744934918876007
6960	0.741748665625794
6975	0.765639850170515
6990	0.777005311025507
7005	0.786461147306531
7020	0.753889405597362
7035	0.778641571194763
7050	0.780431134632761
7065	0.757327140080277
7080	0.811346401488053
7095	0.820429142530799
7110	0.733595055128633
7140	0.722360340834236
7155	0.749424900409583
7170	0.813976598813912
7185	0.774508861327436
7200	0.692456500594402
7215	0.684673323626859
7230	0.742180638454231
7245	0.708258843924373
7260	0.820618081180812
7275	0.776507299676808
7290	0.790415129691434
7305	0.770491008676264
7320	0.767008032892984
7335	0.780539652631833
7350	0.734085816250311
7365	0.793652366326497
7380	0.818911575827433
7395	0.82214092849055
7410	0.779684138727111
7425	0.815936459133999
7440	0.873096446700508
7455	0.769252942589479
7470	0.788074480680228
7485	0.857840236686391
7500	0.835711197578902
7515	0.763076348702632
7530	0.81862091172547
7545	0.805238877989289
7560	0.902074568402727
7575	0.88969764837626
7590	0.863207547169811
7605	0.854825174825175
7620	0.843458738689707
7635	0.927579285427539
7650	0.907850819910028
7665	0.751389274798555
7680	0.933997050147493
7695	0.889442095212113
7710	0.838597842835131
7725	0.812455209975634
7740	0.822780043928459
7755	0.886907437933963
7770	0.760513380666303
7785	0.909453578336557
7800	0.932884448305821
7815	0.882684780105918
7830	0.84155581747769
7845	0.884402023168543
7860	0.954609929078014
7875	0.835638039786511
7890	0.810981499368452
7905	0.897007654836465
7920	0.824251265768472
7935	0.819542805916629
7950	0.916307277628032
7965	0.801801114248645
7980	0.83748399032304
7995	0.897064818589482
8010	0.850867871059157
8025	0.864407841172418
8040	0.791026429010449
8055	0.958614864864865
8070	0.837294332723949
8085	0.805793536347443
8100	0.899231950844854
8115	0.907681787098245
8130	0.818078361242074
8145	0.783442497197144
8160	0.850404217926186
8175	0.881633544442018
8190	0.841043890865955
8205	0.815830279109106
8220	0.88117022478256
8235	0.805385833899072
8250	0.86889767399099
8265	0.956966547580383
8280	0.738462382703177
8295	0.793667914472432
8310	0.903905104624817
8325	0.811017066740669
8340	0.846326884761231
8355	0.83599827139153
8370	0.767008185612837
8385	0.770880975715997
8400	0.810389238694906
8415	0.829903811031292
8430	0.870932754880694
8445	0.874156136402977
8460	0.934939759036145
8475	0.896419786827002
8490	0.766338986712758
8505	0.783695824734085
8520	0.862270039421813
8535	0.944203064257947
8550	0.952368692070031
8565	0.807241006638876
8580	0.85249411260972
8595	0.885402455661664
8610	0.750022391401702
8625	0.815223596574691
8640	0.783749176849345
8655	0.801369320880165
8670	0.849679281590763
8685	0.728152323465448
8700	0.873335710889206
8715	0.850555845706185
8730	0.792478706510755
8745	0.777711786620593
8760	0.828237099558795
8775	0.877378944832571
8790	0.869540515588382
8805	0.841825389152083
8820	0.811064059825209
8835	0.856729377713459
8850	0.957997698504028
8865	0.887862606436715
8880	0.755329116889201
8895	0.819476791420679
8910	0.932222222222222
8925	0.850363699341877
8940	0.869992846924177
8955	0.904059680777238
8970	0.83984518982676
8985	0.933914209115281
9000	0.887785930082003
9015	0.869638826185102
9030	0.892657621707901
9045	0.794321895424837
9060	0.928988821138211
9075	0.788835956917978
9090	0.742942203059234
9105	0.817326873753206
9120	0.853170913148596
9135	0.846071105072464
9150	0.864287364287364
9165	0.919787306256364
9180	0.81831119544592
9195	0.859934472267728
9210	0.842479517699799
9225	0.797198629116376
9240	0.771349753694581
9255	0.895215453194651
9270	0.811434431483143
9285	0.929016690126684
9300	0.863144758735441
9315	0.852494577006508
9330	0.906149388280747
9345	0.885634773389875
9360	0.833779182879377
9375	0.909625360230548
9390	0.812240712254696
9405	0.838194054963545
9420	0.85076900754498
9435	0.943485086342229
9450	0.770362871826818
9465	0.827850304612707
9480	0.814339622641509
9495	0.91304347826087
9510	0.796316148523536
9525	0.820876786404017
9540	0.783687068114511
9555	0.767150583546826
9570	0.838960594922643
9585	0.827505096440332
9600	0.798055919615553
9615	0.882720875684128
9630	0.855111187726254
9645	0.789152119700748
9660	0.862287811591987
9675	0.876802374893978
9690	0.821797888056027
9705	0.884294068504595
9720	0.832583005064716
9735	0.85848413719997
9765	0.818065378403965
9780	0.804505119453925
9795	0.88011608125688
9810	0.846889168077784
9825	0.804036520903412
9840	0.866448885472713
9855	0.779269481737043
9870	0.891438092796719
9885	0.848247576435496
9900	0.853177449433367
9915	0.9038811400849
9930	0.857693493678693
9960	0.759543829129216
9990	0.916666666666667
10005	0.746377975521218
10020	0.800304172452556
10035	0.719325007150348
10050	0.773704579660288
10065	0.801431911163063
10080	0.728778608656243
10095	0.754779152832277
10110	0.908602150537634
10125	0.741351191064545
10140	0.737184860403637
10155	0.725992443201335
10170	0.799312612074118
10185	0.785010623913463
10200	0.82852309427385
10215	0.7744601781252
10230	0.756375349925221
10245	0.783457980712458
10260	0.818074307677146
10275	0.7991976751532
10290	0.770555990602976
10305	0.81037409192749
10320	0.835721828330065
10335	0.844996299646411
10350	0.861837018710376
10365	0.791875302858989
10380	0.882747640168316
10395	0.765838063547987
10410	0.860599078341014
10425	0.813831071618293
10440	0.833397957864805
10455	0.766629037860368
10470	0.865212649945474
10485	0.76959048992614
10500	0.851373658766655
10515	0.750867854663272
10530	0.721847660325869
10545	0.792096133541153
10560	0.843867084331429
10575	0.775947101158075
10590	0.803922162948594
10605	0.74845090073454
10620	0.851377769502886
10635	0.732921955562918
10650	0.775324097610574
10665	0.789977981562583
10680	0.794313958942165
10695	0.816341962458856
10710	0.834086799276673
10725	0.809836287376539
10740	0.74907344573785
10755	0.786874433176684
10770	0.835448131555651
10785	0.762063854907182
10800	0.816494234292488
10815	0.815482630123813
10830	0.832801983705278
10845	0.801427530954115
10860	0.853764256495002
10875	0.843882523376794
10890	0.787822634017207
10905	0.768478721472244
10920	0.807791670972409
10935	0.751435864709636
10950	0.811363527895767
10965	0.720790549297179
10980	0.783365640681896
10995	0.79512158426269
11010	0.806078986686885
11025	0.800492168875445
11040	0.769545778270159
11055	0.825470350569318
11070	0.744736519982863
11085	0.796547107540943
11100	0.792148002898674
11115	0.786426975853633
11130	0.707224902856655
11145	0.781053447830208
11160	0.789422582671769
11175	0.771427250236989
11190	0.811330061410215
11205	0.781554477086652
11235	0.746950200534759
11250	0.714668162463986
11265	0.804812146165723
11280	0.752164181560844
11295	0.770007804660497
11310	0.794193152645569
11325	0.839174029584037
11340	0.771756085174303
11355	0.774135164384073
11370	0.797141269449247
11385	0.730746985807715
11400	0.784182918136457
11415	0.756670612876787
11430	0.758043465925211
11445	0.764798438495857
11460	0.788388784782378
11475	0.764591348409496
11490	0.739958557464889
11505	0.776834166232333
11520	0.675204936907065
11535	0.751241650967631
11550	0.722278257982968
11565	0.696991312494677
11580	0.716408774502128
11595	0.744412066094531
11610	0.748837125119907
11625	0.750029419840741
11640	0.721995872797502
11655	0.74607118871726
11670	0.703524331894037
11685	0.748315370618464
11700	0.829160203855528
11715	0.809948347838392
11730	0.832367019483584
11745	0.708425861303217
11760	0.78690714762859
11775	0.786076163134341
11790	0.827531194803715
11805	0.78441127694859
11820	0.798370094064223
11835	0.866445317793739
11850	0.78325820316595
11865	0.774734108335394
11880	0.758736764795887
11895	0.835498742665549
11910	0.843806841518512
11925	0.706110969061621
11940	0.815729169849369
11955	0.776600790513834
11970	0.846177972936643
11985	0.800581712415924
12000	0.786184642023244
12015	0.857195922241941
12030	0.857192578511954
12045	0.760391254850027
12105	0.69367970328378
12120	0.76863148610907
12135	0.760570282913789
12150	0.803747024117586
12165	0.795124792013311
12180	0.784228233077648
12195	0.796828998190314
12210	0.780100253536937
12225	0.773650454302512
12240	0.741881000899561
12255	0.780925511183503
12270	0.778049703544847
12285	0.720870531437986
12300	0.81628179904042
12315	0.743983420982262
12330	0.749651148040086
12345	0.754348348829753
12360	0.812553708201009
12375	0.742524711332732
12390	0.778121439036301
12405	0.77560013600816
12420	0.765401531194006
12435	0.796266817854729
12450	0.762633996937213
12465	0.769412070373395
12480	0.751219599684339
12495	0.78764651011883
12510	0.758890508793622
12525	0.76347749942892
12540	0.844422282376407
12555	0.706237816764133
12570	0.740772721796056
12585	0.775834686879625
12600	0.777565592826304
12615	0.723392957886702
12630	0.744847172219911
12645	0.758289580323479
12675	0.822991118155447
12690	0.773364560430806
12705	0.735935622473874
12720	0.773779623079946
12735	0.732182538977085
12750	0.759130155491319
12780	0.780292455965437
12795	0.780663087912248
12810	0.742021104421571
12825	0.722742880226217
12840	0.807429714733607
12855	0.748162022125753
12870	0.751557991428913
12885	0.770195170987994
12900	0.765419569128569
12915	0.777418686554796
12930	0.777511202760043
12960	0.639768781077323
12975	0.753332659501589
12990	0.705096137322666
13005	0.714116668798772
13020	0.716312254785608
13035	0.733595706618962
13050	0.71017659432224
13065	0.72796241082718
13080	0.759469866571147
13095	0.737455850199024
13110	0.736073018299537
13125	0.738169569503779
13140	0.755958235605659
13155	0.786312340735348
13170	0.827733784372517
13185	0.770605578312939
13200	0.747440653853664
13215	0.757176691044427
13230	0.823820198884865
13245	0.824140412351782
13260	0.766690233309767
13275	0.81130890052356
13290	0.805298794706824
13305	0.81899387620831
13320	0.831580563445152
13350	0.75922645133618
13365	0.770472719910922
13380	0.775523226135784
13395	0.721818408373484
13410	0.773872725165179
13425	0.738951400526694
13440	0.788840985618529
13455	0.838833595250567
13470	0.774526112185687
13485	0.778899989021847
13500	0.795831961236299
13545	0.736102546609113
13560	0.808345474412675
13575	0.748647775024243
13590	0.7845366058225
13605	0.76978417266187
13620	0.785733112884288
13635	0.717386484568996
13650	0.77686476266657
13665	0.7833565992705
13680	0.773690732407226
13695	0.795896653840016
13710	0.80487159621308
13725	0.761111186505082
13740	0.772281376788129
13800	0.769445136005525
13815	0.710848292483768
13830	0.764532243415077
13845	0.738542281849281
13860	0.775010526837243
13875	0.76255640703853
13890	0.781143105914547
13905	0.756022154688137
13935	0.719446527162429
13950	0.729516782272706
13965	0.71636727370223
13980	0.72718685055734
13995	0.759355638166047
14010	0.759055708218836
14025	0.748886378098986
14040	0.747074005161755
14055	0.773419189302544
14070	0.757416708994112
14085	0.761542632506439
14100	0.737928154686648
14115	0.744833922751543
14130	0.761086785674189
14145	0.699450154730327
14160	0.78030708367787
14175	0.767939305944664
14190	0.737679455965074
14205	0.713991489692424
14220	0.756638035206898
14235	0.758339647369607
14250	0.771582793009249
14265	0.73382291579738
14280	0.807979619981612
14295	0.771118709487949
14310	0.792374657821401
14325	0.778816268048055
14340	0.771024765905312
14355	0.774934400249409
14370	0.765063035804337
14385	0.779254640265471
14400	0.673696826006813
14415	0.65262538441095
14430	0.705763155375435
14445	0.732609751022956
14460	0.734058049201554
14475	0.733711605386594
14490	0.714323916189517
14505	0.752615271343989
14520	0.755751460435475
14535	0.7580206497104
14550	0.737149258315717
14565	0.773942619082491
14595	0.74834088443622
14610	0.772634604458407
14625	0.790557706266634
14640	0.808134998049161
14655	0.862258024993874
14670	0.758751253761284
14685	0.78954975945462
14700	0.803768137962471
14715	0.779008995426906
14730	0.80321359885849
14760	0.712589484078005
14775	0.802789596918351
14805	0.848147912828007
14820	0.793118809286725
14835	0.744209518387205
14850	0.766562874251497
14880	0.785448751991503
14895	0.779931839767585
14910	0.773448337186555
14925	0.757085952022661
14940	0.755502275834941
14955	0.752595113050768
14970	0.74494411651352
14985	0.801764038075277
15000	0.785950368443866
15015	0.796867416721818
15030	0.795771189288391
15045	0.735979877877248
15060	0.776906916612799
15075	0.761112362080613
15090	0.788594704684318
15105	0.745213715359324
15120	0.779827213822894
15135	0.74011671148235
15150	0.782777269323571
15165	0.780055324484069
15180	0.792830879087696
15195	0.801070101243112
15210	0.711279898098788
15225	0.798877995071567
15240	0.722253695215533
15255	0.765354357012811
15270	0.753498489760856
15285	0.768993691510025
15300	0.789076362228603
15315	0.785512331380297
15330	0.743362512408627
15345	0.798350606760852
15360	0.784687510772519
15375	0.786414726459456
15390	0.75368750662162
15405	0.715631615520111
15420	0.722784810126582
15435	0.739630433078069
15465	0.72508147036189
15480	0.783493251582593
15495	0.745900903148546
15525	0.75897912187178
15540	0.765136826604491
15555	0.7310427302069
15570	0.746433060967945
15585	0.751106113926084
15600	0.772240401981296
15615	0.74556434299644
15630	0.776777957055976
15645	0.76713515073881
15660	0.721529496538112
15675	0.750264438332981
15690	0.823916595705507
15705	0.759449282184043
15720	0.766445347918921
15735	0.759520967307174
15750	0.788917490854898
15765	0.791892044704951
15780	0.793424155095625
15795	0.784110113794269
15810	0.808398900726575
15825	0.771225828663237
15840	0.659143392104853
15855	0.720623740226372
15870	0.735796766743649
15885	0.71094220853144
15900	0.722635033419642
15915	0.693866181358985
15930	0.777451443414605
15945	0.667914750857434
15960	0.746178935790951
15975	0.759464690332326
15990	0.74075163206493
16005	0.789001146615321
16020	0.714122224765393
16035	0.749258676046545
16050	0.758731773482537
16065	0.811275740833752
16080	0.710556082051909
16095	0.783195077734439
16110	0.757104615055145
16155	0.772154509270144
16170	0.764116332930253
16185	0.813961848159509
16215	0.770092660109912
16230	0.690961511828471
16245	0.786854958589934
16275	0.700656130070565
16290	0.744204469646431
16320	0.805443086997852
16335	0.815841280951964
16350	0.764033703974453
16365	0.772320556402141
16380	0.797194388777555
16395	0.780880725824297
16410	0.806281133840747
16425	0.810193135321928
16440	0.770378874856487
16455	0.865853658536585
16470	0.682427207670786
16485	0.736545573951816
16500	0.759279807390349
16515	0.75143228869462
16530	0.804281675550856
16545	0.758948738562842
16560	0.71853914119444
16575	0.77275478374226
16590	0.758394849308986
16605	0.743593925186016
16620	0.776627617014406
16635	0.791028525803876
16650	0.781084811464819
16665	0.8326317715959
16680	0.723098719412388
16695	0.768104186381867
16710	0.782886360019099
16725	0.759594980701432
16740	0.776706992003281
16755	0.76049386634504
16770	0.736107504544274
16785	0.851979064442264
16800	0.711877768601246
16815	0.723799558848481
16830	0.760718014346816
16845	0.758353038863517
16860	0.792961379334222
16875	0.813065775671161
16890	0.683777908056085
16905	0.717838693551075
16920	0.747406009971702
16950	0.695395900840904
16965	0.740599505726662
16980	0.798042861336726
17010	0.755877302066678
17025	0.735131434094998
17055	0.707710098564759
17070	0.722216604307817
17085	0.731937031887698
17100	0.79675505931612
17115	0.750164089848308
17130	0.746792777300086
17145	0.7793394363669
17160	0.742005813953488
17175	0.751116146925523
17190	0.760897908281843
17205	0.738655222704642
17220	0.756635235476992
17250	0.752997646707258
17265	0.8318759936407
17280	0.723683155156807
17295	0.661089136316151
17310	0.698796852141452
17325	0.749339744867451
17340	0.785040503091025
17355	0.718430449602337
17370	0.803052972098666
17385	0.742292343387471
17400	0.794449241988102
17415	0.744334259566115
17430	0.679491003081817
17445	0.755429860071351
17460	0.750750669516055
17475	0.752226877931015
17490	0.749669797475785
17505	0.768291880510593
17520	0.789124877710102
17535	0.765077896035786
17550	0.792013511883219
17580	0.870030179766435
17595	0.821974044318884
17610	0.790226529659038
17640	0.779609412378757
17655	0.793923885228943
17670	0.833949080395149
17700	0.846153846153846
17715	0.759224242424242
17730	0.748165137614679
17745	0.763635515326832
17760	0.792728808353808
17775	0.810222646630145
17790	0.746474222914014
17805	0.751289806084327
17820	0.740283479667975
17835	0.857579341612458
17850	0.757377419172826
17865	0.918825380178291
17880	0.806309420916163
17895	0.793728423475259
17910	0.877511396251899
17925	0.925943775100402
17940	0.849427168576105
17955	0.92919964819701
17970	0.796898311739301
17985	0.852140077821012
18000	0.924896733007886
18015	0.851966582183422
18030	0.849140009644752
18045	0.816048364935422
18060	0.788696307460437
18075	0.896227174000483
18090	0.793981345691324
18105	0.76621594143961
18120	0.75898105813194
18135	0.809421487603306
18150	0.865507091249666
18165	0.857397902253961
18180	0.75792188651437
18195	0.809095991055742
18210	0.780426960901895
18225	0.825081579835715
18240	0.815198911934716
18255	0.796961977545051
18270	0.852496464701403
18285	0.845356147514421
18300	0.865013774104683
18315	0.822980740143188
18330	0.850243539998349
18345	0.792626728110599
18360	0.813204642842285
18375	0.851565851565852
18390	0.811659991099243
18405	0.825742574257426
18420	0.842072706509326
18435	0.862011637572735
18450	0.813640283951436
18465	0.81829454406715
18480	0.930430068666426
18495	0.910154074624095
18525	0.812730282479842
18540	0.874359984245766
18555	0.777969712673461
18570	0.88571594068582
18585	0.819478908188586
18600	0.826710557253703
18630	0.823669802049698
18645	0.821586879432624
18690	0.899450926561428
18705	0.76235767842266
18720	0.732593791986771
18735	0.806586578293289
18750	0.773776926991204
18765	0.813414867188993
18780	0.785134050409376
18795	0.815055076445598
18810	0.78530332823538
18825	0.773357328840558
18840	0.755505497091753
18855	0.847843957850684
18870	0.773279352226721
18885	0.902831050228311
18900	0.802955274729628
18915	0.840366841011679
18930	0.879024576109735
18945	0.792246681774037
18960	0.872486574247533
18975	0.933128755913566
18990	0.86459918080749
19005	0.886367281475541
19035	0.825846520333503
19050	0.830270906949352
19080	0.788829329627424
19095	0.861096514275705
19110	0.863712207168124
19125	0.871143695014663
19140	0.807129217059198
19170	0.793049128679728
19185	0.774613442726412
19200	0.732125088841507
19215	0.788413911919888
19230	0.860232390059487
19245	0.814042948934731
19260	0.782307692307692
19275	0.75795482750062
19290	0.839738546268837
19305	0.868978545405478
19320	0.801296829971182
19335	0.822428851076645
19350	0.838419004710219
19365	0.826143988698855
19380	0.787470932281023
19395	0.926588235294118
19410	0.848604413269034
19425	0.866686981031462
19440	0.815229957275697
19455	0.941755768148565
19470	0.83625730994152
19485	0.847839938830126
19500	0.857233452239398
19515	0.933909228026875
19530	0.794800693240901
19545	0.795767413190877
19560	0.926623992413466
19575	0.824947952810548
19590	0.937791932059448
19605	0.883167402914222
19620	0.856839296303617
19635	0.909689465408805
19650	0.795248078266946
19665	0.809581976112921
19695	0.82473870007614
19710	0.841530054644809
19725	0.760768639508071
19740	0.898575573727249
19755	0.817818642993025
19800	0.717999480721797
19815	0.799993354156975
19845	0.769552488498536
19860	0.763932285594366
19875	0.744742542909515
19890	0.837507280139779
19905	0.746226597182011
19920	0.919637551990493
19935	0.954374469117826
19950	0.811785714285714
19965	0.951593029396233
19980	0.820520642668294
19995	0.793506493506493
20010	0.8330550918197
20025	0.900438555565923
20040	0.917926411865374
20055	0.888475836431227
20070	0.820761517792778
20085	0.878736234923964
20100	0.844234520998049
20115	0.826155691234191
20130	0.775754613222535
20145	0.831377807576265
20160	0.676970943945401
20175	0.809730693980895
20190	0.752789874795863
20205	0.749093260606742
20220	0.796091930748203
20235	0.761053233388388
20250	0.886965699208443
20265	0.768260455938832
20280	0.735091886485811
20295	0.809902370990237
20310	0.785151856017998
20325	0.787374251878263
20340	0.804524383460041
20355	0.78861206323221
20370	0.868458803717333
20385	0.800535873771956
20400	0.821342454999159
20415	0.806821374388942
20430	0.839348710990502
20445	0.759863336858375
20460	0.837421005115859
20475	0.811782173894056
20490	0.869793669101628
20505	0.726174883428512
20520	0.727450024378352
20535	0.835563366217997
20550	0.8135967332524
20565	0.763472198411338
20595	0.749662140420877
20655	0.74040122640188
20670	0.786799945227988
20685	0.694988389422244
20700	0.732256432494941
20715	0.707704878210366
20730	0.783656504413812
20745	0.812055172413793
20760	0.767797722266485
20775	0.828706058740061
20790	0.793500844046228
20805	0.75728353771832
20820	0.775221380989326
20835	0.755922535535213
20850	0.745248783634848
20865	0.802958478496773
20880	0.738561952093509
20925	0.751355124835742
20940	0.760016876654931
20970	0.756803290449089
20985	0.754793961648307
21000	0.747899378946819
21015	0.740040342914776
21030	0.793682782289443
21045	0.75466996553857
21060	0.786263530168256
21075	0.787450516112324
21090	0.787743261211169
21105	0.777488947833775
21120	0.784671893530109
21135	0.789630236534625
21150	0.730506592316053
21165	0.753857747793009
21180	0.776510958600841
21195	0.719471174316614
21210	0.771709093273513
21225	0.687617832177974
21240	0.76949010620951
21255	0.815016121602948
21285	0.725186077216604
21300	0.73914954029205
21315	0.807729098909508
21330	0.798118704736535
21345	0.796180422264875
21360	0.797104075678223
21375	0.759315499463529
21390	0.810914190998342
21405	0.760570286274658
21420	0.756046396841066
21435	0.723917229409053
21450	0.737346729889499
21465	0.789737817175555
21480	0.765732121955298
21495	0.881338534181893
21510	0.766522842639594
21525	0.824454928545255
21540	0.75763685855429
21555	0.76826490209904
21570	0.771017383870048
21585	0.824927801648236
21600	0.690863280443967
21615	0.748663431168631
21630	0.722842439289061
21645	0.737433862433862
21660	0.7725267201704
21675	0.751314531548757
21690	0.779756496456478
21705	0.747243338066995
21720	0.830129699196578
21735	0.806525789953614
21750	0.752266238401142
21765	0.812137873950573
21780	0.747129093042272
21795	0.770863689608868
21810	0.787515742564666
21825	0.81523939886503
21840	0.76289914486116
21855	0.783494463586793
21870	0.770544259243099
21885	0.77200872172254
21900	0.789869726755397
21915	0.813834600072385
21930	0.754977581883122
21945	0.740970573936916
21960	0.76723643169058
21975	0.750200755435268
21990	0.74217649997729
22005	0.766992585590642
22020	0.796367984758507
22035	0.791305774278215
22050	0.76637346333192
22095	0.805400884215557
22110	0.735855215435949
22125	0.76731964665467
22140	0.78338468076065
22170	0.764128348112259
22185	0.770358392069323
22200	0.723567063772689
22215	0.768494096404737
22230	0.769625440537661
22245	0.738867223769731
22260	0.726556548559113
22275	0.769342971749716
22290	0.732862903225806
22305	0.800091133966931
22320	0.729278012501833
22335	0.782482858955905
22350	0.710626606399007
22365	0.782416640262427
22380	0.726871667793046
22395	0.754156036883264
22410	0.731273303156136
22425	0.677303574491021
22440	0.742443690596253
22455	0.758376569849198
22470	0.717342831494513
22485	0.767358850600516
22500	0.776007002060502
22515	0.764879198585739
22530	0.727089086631891
22545	0.756250108283234
22560	0.70430730122864
22575	0.740817864508964
22590	0.716526858688238
22605	0.719389746872999
22620	0.774457136394481
22635	0.692134206623826
22650	0.720027542789691
22665	0.907035175879397
22695	0.953459119496855
22710	0.688503217693616
22725	0.735340474445593
22740	0.744196471149261
22755	0.748098287090242
22770	0.717593653339443
22800	0.776267990698259
22815	0.768974062036933
22830	0.733215187291226
22845	0.748021356329489
22860	0.734457967732805
22875	0.768419286508253
22890	0.742272094852096
22905	0.726467600475012
22920	0.788265599107451
22935	0.714399844536091
22965	0.752677743105339
22995	0.732420826623725
23010	0.767836612367751
23025	0.732797375308364
23040	0.658916298821032
23055	0.641008978793278
23070	0.733356926188069
23085	0.722599183344256
23100	0.741026934328659
23115	0.7413977193457
23130	0.722884830413716
23145	0.702981181293087
23160	0.753516662383278
23175	0.739882681667623
23190	0.801768673315635
23205	0.69012446754233
23220	0.75792327281689
23235	0.765014369323069
23250	0.723956506488951
23265	0.792574656981437
23280	0.780263194502407
23295	0.755306133304963
23310	0.821643635351039
23325	0.842048623000538
23340	0.767358875295128
23355	0.742307547807792
23385	0.881947592710128
23400	0.78824453512654
23415	0.751653816323737
23430	0.764610885600803
23445	0.778172041044025
23460	0.782120451693852
23490	0.722468826552226
23505	0.793377873845549
23520	0.811524378492966
23535	0.765024568476754
23565	0.775857631829529
23580	0.720889926428976
23610	0.798657330819836
23625	0.775036502326597
23640	0.753919014918304
23655	0.806545728802795
23670	0.747382177023472
23685	0.805131061370836
23700	0.803055989784011
23730	0.820217088253166
23745	0.719794529159258
23760	0.759838146620121
23775	0.713625829641658
23790	0.785999350760946
23805	0.70368904500404
23820	0.724795909952997
23835	0.738923143102954
23850	0.725411036537996
23865	0.737582533673739
23880	0.694240627198713
23895	0.736309668039738
23910	0.766168174084356
23925	0.74041602200447
23940	0.688437928294194
23955	0.742836016840453
23970	0.754294590643275
23985	0.757826446640832
24015	0.703843046156954
24030	0.730050914787669
24060	0.758621041254563
24075	0.737279564866358
24090	0.733657807619265
24120	0.745762491042929
24135	0.723919963108347
24150	0.7649648192437
24165	0.715718176351997
24180	0.668383069637389
24195	0.808011444921316
24210	0.795550810170247
24225	0.789775021632535
24240	0.738110206519347
24255	0.758716589261984
24270	0.737931723753908
24285	0.757850894008574
24300	0.76936567339461
24315	0.749627721656538
24330	0.76723509397278
24345	0.782943193189088
24360	0.747297109182869
24375	0.778135280720147
24390	0.786382066850144
24405	0.750331205588342
24420	0.73102298267237
24435	0.812602046682764
24450	0.767013791162398
24465	0.966666666666667
24480	0.688817128714321
24495	0.697628842466274
24510	0.741751779028053
24525	0.736513358850004
24540	0.698641900282717
24555	0.731491951234555
24570	0.758968010148715
24585	0.735627704739832
24600	0.753714756636616
24615	0.744558175693185
24630	0.715447154471545
24645	0.764068311802584
24660	0.785547835382149
24675	0.77012317387568
24690	0.792692692692693
24705	0.771581473380195
24720	0.745625599232982
24735	0.719764130939639
24750	0.707238769842281
24765	0.690185482396441
24780	0.756443266754993
24795	0.801745507126627
24810	0.799903430022533
24825	0.717127698035039
24840	0.797952781905234
24855	0.739445469372477
24870	0.760008344633358
24885	0.712098788271205
24900	0.854876022286664
24915	0.762622250226009
24930	0.758152022960837
24945	0.738099243061396
24990	0.723284647439865
25005	0.784969741595527
25020	0.80152081977879
25035	0.788322436301236
25065	0.725671596110238
25080	0.758437222888738
25095	0.746313506198882
25110	0.768802345058626
25125	0.694859742228961
25140	0.765275903762244
25155	0.779622702878517
25170	0.755079514328932
25185	0.744540066574653
25200	0.776950004487928
25215	0.728731546812591
25245	0.703430884597518
25275	0.739351252934694
25320	0.70475
25335	0.726270790805818
25350	0.776493057938196
25365	0.744385931403313
25380	0.756218783664675
25395	0.753868721387581
25410	0.720571041062576
25425	0.742022997660411
25455	0.69141839351535
25470	0.722443819879969
25485	0.734363357893865
25530	0.711404925776495
25545	0.772650603544943
25560	0.759882836447855
25575	0.74409479714353
25590	0.73700319524637
25605	0.763951555450012
25620	0.757238172870815
25635	0.784055109841643
25650	0.734295097866338
25680	0.729910762515935
25695	0.750668600396503
25710	0.748226473707006
25725	0.843246907303847
25740	0.782235781717707
25755	0.697017192347466
25770	0.752010775447373
25815	0.705421207930926
25830	0.766754655232134
25845	0.704583378189256
25860	0.763711649324457
25875	0.737911190605801
25890	0.758229250906041
25905	0.805673394180914
25920	0.668783699108061
25935	0.74439788464124
25950	0.692096006391549
25965	0.686237968068551
25980	0.703418638958373
25995	0.757490924752353
26010	0.728742938796223
26025	0.729918187905785
26040	0.741412984419284
26055	0.780043391924689
26070	0.806706155248115
26085	0.738447337188931
26100	0.832568083838632
26115	0.771209398385323
26130	0.752652312099915
26145	0.766178744252354
26160	0.707540879504683
26175	0.757354623232832
26190	0.697655829148348
26205	0.783313262474475
26220	0.80203828970269
26235	0.843436489003627
26250	0.814419314187173
26265	0.77815011983287
26280	0.787771840927463
26295	0.772531694199001
26310	0.777900482756445
26325	0.77576403054317
26340	0.751609209019468
26355	0.806337156531067
26370	0.792962873089056
26385	0.810108169580281
26400	0.728546122556095
26415	0.779291631787085
26445	0.790446577220644
26475	0.792940163581576
26490	0.781391615524824
26505	0.81485031706238
26520	0.780659679043051
26535	0.824373606191788
26550	0.786286112077967
26565	0.793794759198079
26580	0.789884848774428
26595	0.732795460590478
26610	0.768274217969782
26625	0.797922872554545
26640	0.813280529241016
26655	0.766009555546634
26670	0.775106054762823
26685	0.804855005904737
26715	0.738734314406191
26730	0.753368088901084
26745	0.762678408745824
26760	0.737298383662903
26775	0.790131287800561
26790	0.796847316742006
26805	0.790374309840857
26820	0.752226014961145
26850	0.743424745683813
26865	0.780335161831514
26880	0.788532250651141
26895	0.745629508714654
26910	0.753409270407357
26925	0.678453172530756
26940	0.745960713535164
26955	0.756275394471172
26970	0.716044681391216
26985	0.73939474031981
27000	0.760893684298117
27015	0.716304135369838
27030	0.745646812092927
27045	0.732003938263559
27060	0.767954252396703
27075	0.683165377936746
27090	0.744370389062894
27105	0.750790938467525
27120	0.728654828508879
27135	0.783557208656941
27150	0.661509073543457
27165	0.765853257743817
27180	0.765230536659108
27195	0.921161825726141
27210	0.753974056923119
27225	0.718375475007308
27240	0.711112204885892
27255	0.789050728277248
27270	0.749813330678481
27285	0.744663826474341
27300	0.74827047005307
27315	0.734186003455937
27330	0.74708612686952
27345	0.787781228694796
27360	0.706513118762805
27375	0.674659985683608
27390	0.707549905466693
27405	0.691031802226608
27420	0.778664691175109
27435	0.747812803777253
27450	0.716907328844432
27495	0.691212789899019
27510	0.748504601798953
27525	0.801229325652522
27540	0.74908350305499
27555	0.834206418039896
27570	0.810471042471042
27585	0.840798830331628
27600	0.75877045419789
27615	0.842547199332429
27630	0.808489039748755
27645	0.79210388247639
27660	0.757490707729652
27675	0.796774477835551
27690	0.771901755599758
27705	0.79863453815261
27720	0.886313004734057
27735	0.755201283401013
27750	0.825933475861383
27765	0.766283914236358
27780	0.761391396707382
27795	0.78566033350764
27810	0.780423373604311
27825	0.824590830537766
27840	0.798260869565217
27855	0.844629055155371
27870	0.823569289870629
27885	0.757983604551572
27900	0.879526861549685
27915	0.752411615533787
27945	0.82850159163256
27960	0.773889854135521
27975	0.776540218100475
27990	0.800006895125147
28005	0.760568945080996
28020	0.76657410621312
28035	0.833687405159332
28065	0.814796238244514
28080	0.741814671814672
28095	0.871432594817875
28125	0.805764917827861
28155	0.8108675679223
28170	0.890661059541515
28185	0.773390990137132
28200	0.769797548547032
28215	0.838780377747695
28230	0.830330275894573
28245	0.790164922705938
28260	0.81438195206016
28290	0.792945390523025
28305	0.784202023637446
28320	0.784918769796669
28335	0.787457962413452
28380	0.776749257609503
28410	0.782393871399107
28425	0.775125544024104
28440	0.740687241312259
28455	0.73580255861994
28470	0.73907115466553
28485	0.851041467609402
28500	0.794755661501788
28515	0.735377905954349
28530	0.828627328916359
28545	0.830471905986045
28560	0.775255201651141
28575	0.790155802417383
28590	0.783443828898374
28605	0.905230903917706
28620	0.80343707250342
28635	0.75182387500807
28650	0.8123071079246
28665	0.840191314910416
28680	0.832306270220305
28695	0.89812590100913
28710	0.762239414161696
28725	0.735759077766513
28740	0.79594221372424
28755	0.83312843209573
28770	0.775884154831523
28785	0.814572887437325
28800	0.710116585182399
28815	0.717961879341614
28830	0.718029146426093
28845	0.745888080158805
28860	0.79285880051719
28875	0.775570399930598
28890	0.853344855632371
28905	0.845059493016037
28920	0.743022437651474
28935	0.83489614841702
28950	0.782451625674271
28965	0.746961447505912
28980	0.780160754308679
28995	0.841357461719388
29010	0.872210125204137
29025	0.824989632087209
29040	0.797719641341648
29055	0.855090311986864
29070	0.85902369860239
29085	0.816957112841429
29100	0.838763856231105
29115	0.797774869109948
29130	0.821617373910559
29145	0.826754385964912
29160	0.880728085581989
29175	0.841721773205976
29190	0.839651389566065
29205	0.728288426389953
29220	0.786707149295507
29235	0.845252525252525
29250	0.781639230032227
29265	0.793374939990398
29280	0.881639177504904
29295	0.796581196581197
29310	0.764783180026281
29325	0.77953883122859
29340	0.772312433329382
29355	0.842943276941989
29370	0.781351703189412
29415	0.780153691947878
29430	0.762261268143621
29445	0.818081500748798
29460	0.773744405768275
29475	0.816562557981322
29505	0.81648566995999
29520	0.808257487161235
29535	0.759284019840414
29550	0.776331867057674
29565	0.879730713245997
29580	0.816436824450242
29595	0.758905524006195
29610	0.780102762677787
29625	0.76972273701806
29640	0.822470030666295
29655	0.797895330264023
29670	0.79241493840034
29685	0.722707556967438
29700	0.758980066781342
29715	0.763035075161059
29730	0.804831140856989
29745	0.822102663609102
29760	0.836184419713832
29775	0.821863117870722
29790	0.792246449576818
29805	0.839697788109808
29820	0.792112823191434
29835	0.781007596961216
29850	0.846314084018053
29865	0.85086741016109
29880	0.737868442496277
29895	0.735122131754256
29910	0.871533599896814
29925	0.726422377954626
29940	0.783308402537783
29955	0.845158272259473
29970	0.835889283710492
29985	0.819030275438197
30000	0.739877116739098
30015	0.808625222627428
30030	0.79901811539047
30045	0.736254246070586
30060	0.825612990877919
30075	0.711897810218978
30105	0.826858585477976
30120	0.931776194246503
30135	0.776209394718392
30150	0.869942748091603
30165	0.897084367245658
30180	0.745526721175495
30195	0.85930283436239
30210	0.818448600586921
30225	0.810127127774187
30240	0.677958894401134
30255	0.708066087521312
30270	0.801515583880275
30285	0.722262699858328
30300	0.684978327700445
30315	0.801660006148171
30330	0.789946066120466
30345	0.699985050082225
30360	0.704640407515807
30375	0.823211558792435
30390	0.802138572546292
30405	0.767730686695279
30420	0.818598225970627
30435	0.757106127696043
30450	0.707388496771287
30465	0.839902375054641
30480	0.770326936744847
30495	0.781082369769937
30510	0.746504648268794
30525	0.782304526748971
30540	0.724381754900165
30555	0.748666182401122
30570	0.783872624550591
30585	0.776209272763765
30600	0.859656788750298
30615	0.801854269170265
30630	0.738819624696821
30645	0.742268708216519
30660	0.753400435255713
30690	0.73911296992037
30705	0.799410429302341
30735	0.787851909669866
30750	0.776957417582418
30780	0.672641332834145
30795	0.765090094034006
30810	0.703437155891144
30840	0.734975606554508
30855	0.755257679811677
30870	0.705081168831169
30885	0.733036767070426
30900	0.761557443277357
30915	0.718014912210374
30945	0.750956311656936
30960	0.750499055122302
30975	0.752901760681844
30990	0.76008639155912
31005	0.729156671464364
31035	0.742764134394819
31050	0.680218849736208
31080	0.700418719781618
31095	0.698599916059533
31110	0.718940489720012
31125	0.744349490216782
31140	0.78240520096296
31155	0.724829224829225
31170	0.73484882120499
31185	0.703602171897762
31215	0.710041917258976
31230	0.680002306539038
31245	0.676782688820854
31260	0.796837757413357
31275	0.708065166855584
31290	0.712615440607798
31305	0.740129395071532
31320	0.740668420073856
31335	0.757553820431942
31365	0.702922816638469
31395	0.679781751340787
31410	0.727485351915704
31425	0.708206372979394
31455	0.733532110091743
31470	0.695637216959689
31485	0.757504536609895
31500	0.750095925101681
31515	0.734597058428337
31530	0.753389480763646
31545	0.704687296840463
31560	0.698125892932179
31575	0.721180295073768
31590	0.73349141337932
31605	0.800369685767098
31620	0.711356150076324
31635	0.731071373987467
31650	0.745930905419714
31665	0.763503086419753
31680	0.648049150722081
31695	0.734825957670107
31710	0.728318326494972
31725	0.702816358475358
31740	0.729460197551664
31755	0.739039427614553
31770	0.731292661813331
31785	0.706388985250667
31800	0.742754369859677
31815	0.680282642745266
31830	0.756796962164067
31845	0.73272633820398
31860	0.752378428514642
31875	0.760891119159871
31890	0.720610163681549
31905	0.719997998198379
31920	0.76009511096279
31935	0.724607741032251
31950	0.786332438078186
31965	0.835914332784184
31980	0.721093617741662
31995	0.725714581607291
32010	0.759015455065827
32025	0.728159714739131
32040	0.795356279576482
32055	0.730500795885882
32070	0.78860628082014
32100	0.728932980102587
32130	0.812137160219196
32145	0.793908398681668
32160	0.834263758616793
32175	0.76257201533904
32190	0.779966809922982
32205	0.750308522591221
32220	0.821621621621622
32235	0.771851575088154
32265	0.756319270377193
32280	0.771056905632884
32295	0.739864966693794
32310	0.781932065408099
32325	0.701061995391037
32340	0.798205037960682
32355	0.778887157267387
32370	0.69864627106568
32385	0.814642353381031
32400	0.750091041514931
32415	0.721022715442753
32430	0.70167171935903
32445	0.795447468393847
32460	0.752741490891659
32475	0.759855407169394
32490	0.752280476266981
32505	0.782875566820118
32520	0.740603688778673
32535	0.733953504426917
32550	0.76033925106016
32565	0.729872969307835
32580	0.763465365603133
32595	0.733634184705266
32610	0.68968344634434
32625	0.689390900453922
32640	0.688236430365076
32670	0.713193234238852
32685	0.757215937170257
32700	0.785198684454063
32715	0.720582473553611
32730	0.765635091496233
32745	0.711632004289709
32760	0.739727762679073
32775	0.762268160741886
32790	0.742531531922904
32805	0.740751280591918
32820	0.757230473212675
32835	0.823157116451017
32850	0.73776141506692
32865	0.765126200256231
32880	0.747043459922457
32895	0.764931316731591
32925	0.694937044400265
32940	0.731436248168051
32955	0.720801727479099
32985	0.701208335343206
33000	0.741146051457601
33015	0.775085284084225
33030	0.795773282492083
33075	0.700646068879279
33090	0.728487035073466
33105	0.681804001356392
33120	0.660774446075348
33135	0.734222391058772
33150	0.677411446368416
33165	0.657236895242711
33180	0.743603327839259
33195	0.69953149642824
33225	0.698976799721398
33240	0.763337934800746
33285	0.728987970711297
33315	0.760162956496435
33330	0.719634503416013
33345	0.724442328912352
33360	0.718084485675944
33375	0.804727476808293
33390	0.745211790299876
33405	0.813024401508737
33420	0.83607014499938
33435	0.738937494742155
33450	0.741771868349894
33465	0.732943469785575
33480	0.751314069583113
33495	0.778340030758545
33510	0.775353992141745
33525	0.815055703585591
33540	0.729458645595128
33555	0.77935977623247
33570	0.797905922105638
33600	0.748600809937662
33615	0.743958702212025
33630	0.758202720554108
33645	0.790410672715335
33660	0.773640270336785
33735	0.73056554354444
33750	0.733129406089311
33765	0.764609349534097
33795	0.740371564302681
33810	0.676537283543409
33840	0.697560349762154
33855	0.701082075657679
33870	0.703959241298877
33915	0.682429643015711
33930	0.709010777757327
33945	0.723269969565434
33960	0.765931456649144
33975	0.745589384364419
33990	0.728644652739488
34005	0.659400794863956
34020	0.723318597176362
34035	0.716395651981795
34050	0.732157273461194
34065	0.708846395287073
34080	0.723028526488882
34095	0.750279604059746
34110	0.734171110858958
34125	0.706567328918322
34140	0.762633522516047
34155	0.714144365418418
34170	0.756364448414471
34185	0.728919222360102
34200	0.722303344960926
34215	0.743016002169786
34230	0.732996970347575
34245	0.710563287263296
34260	0.770672173603941
34275	0.685119004205869
34290	0.741318777408286
34305	0.729490349981184
34320	0.771948273878966
34335	0.804445506692161
34350	0.71135239398936
34365	0.762349406462635
34380	0.741288570420266
34395	0.740840958450529
34410	0.728627197663315
34425	0.742786293958521
34440	0.786012632436838
34455	0.779495297513735
34470	0.738646272344136
34485	0.756070881645154
34500	0.727558554421168
34515	0.737724898432966
34530	0.72586444436977
34545	0.762717713917585
